S
338
0 32 16
0 290 13
1 18 16
1 59 4
1 247 16
2 87 9
2 270 5
2 305 11
3 132 12
3 136 3
3 219 16
3 236 14
3 266 8
3 270 3
3 278 8
4 93 3
4 114 13
5 77 6
5 172 1
5 219 1
5 294 6
5 311 10
5 319 13
6 198 3
6 206 14
6 336 3
7 106 10
7 209 5
7 250 13
8 63 13
8 245 11
9 74 11
9 102 1
9 124 5
9 243 8
10 180 12
10 254 8
11 73 4
11 129 3
11 293 13
12 204 5
12 295 8
13 124 14
13 128 5
13 154 1
14 57 4
14 129 6
14 200 13
14 215 7
14 260 10
14 282 11
14 285 6
15 35 12
15 103 3
15 135 13
15 175 11
15 183 1
15 251 6
15 262 10
15 281 14
16 229 1
16 275 6
16 305 13
16 333 10
17 49 7
17 142 16
17 154 6
17 177 4
17 210 15
17 261 9
17 271 6
17 318 1
17 322 3
18 123 2
19 46 10
19 77 13
19 241 4
20 103 6
20 151 8
20 266 3
21 243 9
22 84 11
22 95 6
22 146 8
22 261 5
22 321 12
23 48 9
23 174 5
23 232 13
23 335 3
24 56 10
24 239 1
25 66 6
25 216 14
26 292 10
26 297 1
26 334 10
28 119 5
28 280 10
29 154 3
29 283 10
29 289 1
30 259 8
31 36 15
31 51 10
31 177 5
31 250 14
31 319 11
31 336 11
32 131 3
32 184 15
32 216 2
32 248 11
32 256 3
32 258 7
33 71 1
33 91 4
33 232 6
34 56 4
34 143 15
34 163 10
34 186 1
34 229 14
34 232 10
34 262 14
34 302 1
34 329 12
34 330 2
35 84 2
35 121 3
35 147 5
35 310 12
36 54 11
36 60 3
36 109 4
36 169 13
36 196 1
36 212 3
36 303 8
37 152 6
37 227 15
38 57 11
38 111 9
38 223 4
39 164 9
39 240 7
40 82 15
40 92 13
40 114 10
40 144 4
41 316 16
42 317 8
43 313 15
44 238 10
44 255 9
44 288 5
44 319 2
45 118 2
45 221 4
46 145 2
46 179 11
46 207 3
46 258 16
47 150 6
47 234 4
47 255 9
48 99 16
48 104 1
48 183 14
48 274 11
48 299 13
50 161 14
50 182 2
51 66 8
52 211 8
52 317 14
53 273 5
54 178 6
54 188 5
55 115 3
55 165 4
55 293 10
56 58 9
56 161 1
56 245 6
56 318 7
56 330 11
58 206 1
58 218 9
59 105 1
59 115 9
59 135 14
60 250 7
61 163 10
61 191 10
62 93 9
62 109 7
62 228 15
62 299 7
62 322 13
63 155 15
63 230 1
63 262 8
64 71 7
64 115 15
64 161 13
64 336 16
65 332 4
66 160 11
66 261 11
67 104 1
67 337 13
68 165 8
68 208 2
68 328 13
68 331 2
69 102 8
69 109 12
69 155 7
69 279 3
70 94 4
70 135 3
71 174 6
71 245 13
72 180 4
72 220 16
72 232 1
72 337 8
74 266 1
75 127 2
75 211 7
75 231 14
75 309 13
76 136 15
76 198 15
76 290 11
76 291 2
77 98 15
77 143 3
77 182 13
78 324 6
79 105 8
79 149 10
79 303 4
80 227 8
80 262 8
81 115 4
81 265 6
82 96 13
82 159 3
82 295 7
83 92 8
83 123 8
84 179 16
84 185 2
85 132 11
85 144 14
85 257 10
86 114 16
86 136 13
86 189 7
87 274 4
88 117 12
89 152 16
89 303 13
90 193 3
90 326 16
91 113 4
91 177 9
92 113 8
92 124 3
93 197 13
93 272 12
94 208 11
94 272 15
96 213 15
97 112 10
97 171 5
97 205 11
97 327 15
98 179 15
98 238 1
99 128 10
99 186 16
100 165 7
100 167 7
101 146 2
101 180 14
101 211 11
102 173 16
102 291 4
103 116 11
103 301 16
105 240 2
105 263 5
105 294 9
106 147 7
106 240 15
106 271 13
107 215 16
108 121 4
108 262 12
109 187 3
109 223 10
110 303 5
111 198 2
111 233 13
111 256 1
112 119 1
112 149 7
113 189 14
113 322 14
113 326 16
114 135 15
115 117 3
115 205 8
116 117 6
116 177 5
118 191 2
118 333 12
119 124 8
119 190 5
119 215 10
119 227 4
119 286 7
120 189 10
122 137 11
122 163 2
122 248 9
123 193 12
125 149 13
125 239 7
125 328 1
125 338 11
126 141 5
126 246 4
126 326 6
127 129 10
127 238 16
127 318 4
128 172 3
130 155 4
130 173 1
130 288 1
130 297 14
131 175 4
131 334 11
132 135 13
132 175 1
134 241 6
135 216 15
135 267 1
135 310 11
136 200 1
136 240 3
136 271 6
136 298 5
137 289 6
137 322 1
137 326 5
138 243 15
138 322 10
139 223 2
139 283 13
139 337 5
140 159 12
140 163 10
140 234 13
141 198 12
141 228 12
142 151 7
142 287 15
142 313 8
142 330 15
143 152 4
143 187 9
144 204 5
144 208 5
144 279 4
144 309 2
144 316 13
145 195 4
146 156 12
147 189 10
147 272 7
148 248 15
151 212 16
151 233 15
151 271 11
152 194 2
155 242 2
155 296 13
157 187 4
157 296 1
157 310 12
158 192 3
158 202 7
158 209 13
158 304 2
158 317 6
159 199 14
159 296 14
160 232 2
160 319 14
161 220 2
161 222 5
161 251 7
162 188 2
164 291 14
165 229 9
165 243 13
165 270 14
166 225 6
166 271 16
166 318 5
167 183 8
167 208 8
167 271 11
167 276 7
167 281 1
169 220 7
169 303 15
170 264 6
170 265 1
170 326 7
172 320 9
174 286 10
175 193 4
176 180 16
177 211 9
177 236 16
177 258 10
178 196 15
178 200 2
178 211 10
178 307 8
179 305 13
181 313 10
182 289 6
183 192 5
183 269 15
184 200 7
184 251 2
185 319 9
186 199 14
186 310 10
187 261 10
189 283 13
190 218 14
190 279 14
191 242 10
191 313 2
193 245 10
193 268 9
193 273 15
193 288 12
194 216 10
194 264 11
194 265 5
195 312 2
197 285 14
197 312 10
198 248 16
198 286 12
199 236 1
200 240 14
200 241 12
201 284 9
201 338 1
202 229 5
203 272 7
203 325 1
204 310 2
205 243 11
208 259 1
210 241 15
211 296 8
212 216 12
212 221 10
212 248 5
212 329 4
213 276 10
214 265 9
216 218 16
216 240 12
218 222 12
218 235 9
218 257 8
223 229 7
223 276 16
224 281 14
224 285 2
226 318 1
226 320 4
227 264 5
228 235 14
228 285 7
228 320 7
230 309 13
231 240 5
231 275 16
231 322 16
232 268 3
235 301 8
235 321 6
236 335 13
237 251 3
238 317 9
239 240 11
239 258 9
239 335 12
241 334 7
242 274 15
243 277 3
244 317 15
247 294 4
248 295 9
249 253 14
249 292 4
249 312 7
250 332 4
251 320 2
252 297 16
253 309 3
254 288 15
255 280 11
258 283 13
259 262 13
259 282 1
261 281 2
261 306 7
261 325 6
261 331 6
262 294 4
264 283 11
266 289 1
266 300 12
266 316 12
269 280 14
271 296 1
272 326 10
274 282 12
274 314 6
275 298 1
275 332 5
276 309 5
276 326 16
280 285 1
280 297 13
280 335 13
281 306 7
281 319 14
282 286 5
285 337 15
289 294 8
293 300 9
293 314 9
298 322 11
303 333 2
304 335 16
306 327 6
314 324 8
316 320 10
